2820 143032 1000 0.25 4
2830 143032 1000 0.25 4
2840 143031 1000 0.25 4
2960 135799 1000 0.25 3
2970 135798 1000 0.25 3
2980 135797 1000 0.25 3
3110 129703 1000 0.25 2
3120 129702 1000 0.25 2
3130 129701 1000 0.25 2
3270 124910 1000 0.25 1
3280 124909 1000 0.25 1
3290 124908 1000 0.25 1
3300 124907 1000 0.25 1
3450 121573 1000 0.25 0
3460 121572 1000 0.25 0
3470 121570 1000 0.25 0
6240 132597 1000 1.41421 10
6250 132583 1000 1.41421 10
6260 132568 1000 1.41421 10
7830 141265 1000 0.25 9
7840 141262 1000 0.25 9
7850 141260 1000 0.25 9
7970 134112 1000 0.25 8
7980 134109 1000 0.25 8
7990 134107 1000 0.25 8
8130 128126 1000 0.25 7
8140 128124 1000 0.25 7
8150 128122 1000 0.25 7
8300 123482 1000 0.25 6
8310 123480 1000 0.25 6
8320 123478 1000 0.25 6
8480 120335 1000 0.25 5
8490 120333 1000 0.25 5
8500 120331 1000 0.25 5
12790 142543 1000 0.25 4
12800 142542 1000 0.25 4
12810 142542 1000 0.25 4
12930 135099 1000 0.25 3
12940 135099 1000 0.25 3
12950 135098 1000 0.25 3
13080 128778 1000 0.25 2
13090 128777 1000 0.25 2
13100 128776 1000 0.25 2
13250 123748 1000 0.25 1
13260 123746 1000 0.25 1
13270 123745 1000 0.25 1
13420 120173 1000 0.25 0
13430 120172 1000 0.25 0
13440 120170 1000 0.25 0
13450 120169 1000 0.25 0
16240 118455 1000 1.41421 10
16250 118440 1000 1.41421 10
16260 118426 1000 1.41421 10
17840 138820 1000 0.25 9
17850 138818 1000 0.25 9
17860 138815 1000 0.25 9
17980 131725 1000 0.25 8
17990 131723 1000 0.25 8
18000 131720 1000 0.25 8
18140 125826 1000 0.25 7
18150 125824 1000 0.25 7
18160 125821 1000 0.25 7
18310 121301 1000 0.25 6
18320 121299 1000 0.25 6
18330 121297 1000 0.25 6
18500 118306 1000 0.25 5
18510 118304 1000 0.25 5
18520 118302 1000 0.25 5
22760 142095 1000 0.25 4
22770 142095 1000 0.25 4
22780 142094 1000 0.25 4
22900 134442 1000 0.25 3
22910 134442 1000 0.25 3
22920 134441 1000 0.25 3
23050 127894 1000 0.25 2
23060 127893 1000 0.25 2
23070 127893 1000 0.25 2
23220 122626 1000 0.25 1
23230 122625 1000 0.25 1
23240 122624 1000 0.25 1
23400 118808 1000 0.25 0
23410 118806 1000 0.25 0
23420 118805 1000 0.25 0
26240 104312 1000 1.41421 10
26250 104298 1000 1.41421 10
26260 104284 1000 1.41421 10
27840 136381 1000 0.25 9
27850 136378 1000 0.25 9
27860 136376 1000 0.25 9
27990 129343 1000 0.25 8
28000 129341 1000 0.25 8
28010 129338 1000 0.25 8
28150 123534 1000 0.25 7
28160 123531 1000 0.25 7
28170 123529 1000 0.25 7
28330 119130 1000 0.25 6
28340 119128 1000 0.25 6
28350 119126 1000 0.25 6
28520 116296 1000 0.25 5
28530 116294 1000 0.25 5
28540 116292 1000 0.25 5
32740 141689 1000 0.25 4
32750 141689 1000 0.25 4
32760 141689 1000 0.25 4
32870 133829 1000 0.25 3
32880 133828 1000 0.25 3
32890 133828 1000 0.25 3
33020 127054 1000 0.25 2
33030 127053 1000 0.25 2
33040 127052 1000 0.25 2
33190 121545 1000 0.25 1
33200 121544 1000 0.25 1
33210 121543 1000 0.25 1
33370 117480 1000 0.25 0
33380 117479 1000 0.25 0
33390 117478 1000 0.25 0
36240 90170.3 1000 1.41421 10
36250 90156.1 1000 1.41421 10
36260 90142 1000 1.41421 10
37850 133940 1000 0.25 9
37860 133938 1000 0.25 9
37870 133936 1000 0.25 9
38000 126966 1000 0.25 8
38010 126963 1000 0.25 8
38020 126961 1000 0.25 8
38170 121247 1000 0.25 7
38180 121245 1000 0.25 7
38190 121243 1000 0.25 7
38350 116973 1000 0.25 6
38360 116971 1000 0.25 6
38370 116969 1000 0.25 6
38540 114306 1000 0.25 5
38550 114304 1000 0.25 5
38560 114302 1000 0.25 5
42710 141327 1000 0.25 4
42720 141327 1000 0.25 4
42730 141326 1000 0.25 4
42840 133259 1000 0.25 3
42850 133258 1000 0.25 3
42860 133258 1000 0.25 3
42990 126257 1000 0.25 2
43000 126256 1000 0.25 2
43010 126255 1000 0.25 2
43160 120506 1000 0.25 1
43170 120505 1000 0.25 1
43180 120504 1000 0.25 1
43340 116192 1000 0.25 0
43350 116190 1000 0.25 0
43360 116189 1000 0.25 0
46240 76028.1 1000 1.41421 10
46250 76014 1000 1.41421 10
46260 75999.8 1000 1.41421 10
47860 131503 1000 0.25 9
47870 131500 1000 0.25 9
47880 131498 1000 0.25 9
48010 124593 1000 0.25 8
48020 124591 1000 0.25 8
48030 124588 1000 0.25 8
48180 118972 1000 0.25 7
48190 118970 1000 0.25 7
48200 118967 1000 0.25 7
48360 114832 1000 0.25 6
48370 114830 1000 0.25 6
48380 114828 1000 0.25 6
48390 114826 1000 0.25 6
48560 112336 1000 0.25 5
48570 112334 1000 0.25 5
48580 112332 1000 0.25 5
52680 141008 1000 0.25 4
52690 141008 1000 0.25 4
52700 141007 1000 0.25 4
52810 132733 1000 0.25 3
52820 132733 1000 0.25 3
52830 132732 1000 0.25 3
52960 125504 1000 0.25 2
52970 125503 1000 0.25 2
52980 125503 1000 0.25 2
53130 119510 1000 0.25 1
53140 119509 1000 0.25 1
53150 119508 1000 0.25 1
53310 114942 1000 0.25 0
53320 114941 1000 0.25 0
53330 114940 1000 0.25 0
56240 61886 1000 1.41421 10
56250 61871.8 1000 1.41421 10
56260 61857.7 1000 1.41421 10
57860 129070 1000 0.25 9
57870 129067 1000 0.25 9
57880 129065 1000 0.25 9
58020 122226 1000 0.25 8
58030 122223 1000 0.25 8
58040 122221 1000 0.25 8
58190 116706 1000 0.25 7
58200 116703 1000 0.25 7
58210 116701 1000 0.25 7
58220 116699 1000 0.25 7
58380 112704 1000 0.25 6
58390 112702 1000 0.25 6
58400 112699 1000 0.25 6
58580 110388 1000 0.25 5
58590 110386 1000 0.25 5
58600 110384 1000 0.25 5
62650 140732 1000 0.25 4
62660 140732 1000 0.25 4
62670 140732 1000 0.25 4
62780 132253 1000 0.25 3
62790 132252 1000 0.25 3
62800 132252 1000 0.25 3
62930 124797 1000 0.25 2
62940 124796 1000 0.25 2
62950 124796 1000 0.25 2
63100 118557 1000 0.25 1
63110 118556 1000 0.25 1
63120 118556 1000 0.25 1
63280 113734 1000 0.25 0
63290 113733 1000 0.25 0
63300 113732 1000 0.25 0
66240 47743.8 1000 1.41421 10
66250 47729.7 1000 1.41421 10
66260 47715.6 1000 1.41421 10
67870 126637 1000 0.25 9
67880 126635 1000 0.25 9
67890 126632 1000 0.25 9
68030 119864 1000 0.25 8
68040 119861 1000 0.25 8
68050 119859 1000 0.25 8
68210 114447 1000 0.25 7
68220 114445 1000 0.25 7
68230 114443 1000 0.25 7
68400 110591 1000 0.25 6
68410 110589 1000 0.25 6
68420 110587 1000 0.25 6
68610 108461 1000 0.25 5
68620 108459 1000 0.25 5
68630 108457 1000 0.25 5
72620 140500 1000 0.25 4
72630 140500 1000 0.25 4
72640 140500 1000 0.25 4
72650 140500 1000 0.25 4
72750 131817 1000 0.25 3
72760 131817 1000 0.25 3
72770 131816 1000 0.25 3
72780 131816 1000 0.25 3
72900 124136 1000 0.25 2
72910 124135 1000 0.25 2
72920 124134 1000 0.25 2
73070 117650 1000 0.25 1
73080 117649 1000 0.25 1
73090 117649 1000 0.25 1
73250 112568 1000 0.25 0
73260 112567 1000 0.25 0
73270 112566 1000 0.25 0
76240 33601.7 1000 1.41421 10
76250 33587.6 1000 1.41421 10
76260 33573.4 1000 1.41421 10
77880 124207 1000 0.25 9
77890 124205 1000 0.25 9
77900 124203 1000 0.25 9
78040 117508 1000 0.25 8
78050 117505 1000 0.25 8
78060 117503 1000 0.25 8
78220 112202 1000 0.25 7
78230 112199 1000 0.25 7
78240 112197 1000 0.25 7
78250 112195 1000 0.25 7
78420 108495 1000 0.25 6
78430 108493 1000 0.25 6
78440 108491 1000 0.25 6
78630 106559 1000 0.25 5
78640 106558 1000 0.25 5
78650 106556 1000 0.25 5
82600 140312 1000 0.25 4
82610 140312 1000 0.25 4
82620 140312 1000 0.25 4
82720 131428 1000 0.25 3
82730 131427 1000 0.25 3
82740 131427 1000 0.25 3
82750 131427 1000 0.25 3
82870 123521 1000 0.25 2
82880 123521 1000 0.25 2
82890 123520 1000 0.25 2
83030 116790 1000 0.25 1
83040 116789 1000 0.25 1
83050 116789 1000 0.25 1
83060 116788 1000 0.25 1
83220 111446 1000 0.25 0
83230 111445 1000 0.25 0
83240 111444 1000 0.25 0
86240 19459.6 1000 1.41421 10
86250 19445.4 1000 1.41421 10
86260 19431.3 1000 1.41421 10
87890 121781 1000 0.25 9
87900 121778 1000 0.25 9
87910 121776 1000 0.25 9
88050 115158 1000 0.25 8
88060 115155 1000 0.25 8
88070 115153 1000 0.25 8
88080 115151 1000 0.25 8
88240 109965 1000 0.25 7
88250 109963 1000 0.25 7
88260 109960 1000 0.25 7
88440 106417 1000 0.25 6
88450 106415 1000 0.25 6
88460 106413 1000 0.25 6
88650 104684 1000 0.25 5
88660 104682 1000 0.25 5
88670 104680 1000 0.25 5
88680 104678 1000 0.25 5
92570 140168 1000 0.25 4
92580 140168 1000 0.25 4
92590 140168 1000 0.25 4
92690 131085 1000 0.25 3
92700 131084 1000 0.25 3
92710 131084 1000 0.25 3
92720 131084 1000 0.25 3
92840 122954 1000 0.25 2
92850 122954 1000 0.25 2
92860 122953 1000 0.25 2
93000 115977 1000 0.25 1
93010 115976 1000 0.25 1
93020 115975 1000 0.25 1
93180 110369 1000 0.25 0
93190 110368 1000 0.25 0
93200 110367 1000 0.25 0
93210 110366 1000 0.25 0
96240 5317.44 1000 1.41421 10
96250 5303.3 1000 1.41421 10
96260 5289.16 1000 1.41421 10
97890 119359 1000 0.25 9
97900 119357 1000 0.25 9
97910 119354 1000 0.25 9
97920 119352 1000 0.25 9
98070 112812 1000 0.25 8
98080 112810 1000 0.25 8
98090 112807 1000 0.25 8
98260 107740 1000 0.25 7
98270 107737 1000 0.25 7
98280 107735 1000 0.25 7
98460 104358 1000 0.25 6
98470 104356 1000 0.25 6
98480 104354 1000 0.25 6
98490 104352 1000 0.25 6
98680 102833 1000 0.25 5
98690 102831 1000 0.25 5
98700 102829 1000 0.25 5
100000 0 1000 1.41421 10
101240 1753.62 1000 1.41421 10
101250 1767.77 1000 1.41421 10
101260 1781.91 1000 1.41421 10
102540 140068 1000 0.25 4
102550 140068 1000 0.25 4
102560 140068 1000 0.25 4
102660 130788 1000 0.25 3
102670 130788 1000 0.25 3
102680 130787 1000 0.25 3
102690 130787 1000 0.25 3
102810 122435 1000 0.25 2
102820 122435 1000 0.25 2
102830 122434 1000 0.25 2
102970 115211 1000 0.25 1
102980 115210 1000 0.25 1
102990 115210 1000 0.25 1
103150 109338 1000 0.25 0
103160 109337 1000 0.25 0
103170 109336 1000 0.25 0
107900 116939 1000 0.25 9
107910 116936 1000 0.25 9
107920 116934 1000 0.25 9
108080 110476 1000 0.25 8
108090 110473 1000 0.25 8
108100 110471 1000 0.25 8
108270 105529 1000 0.25 7
108280 105527 1000 0.25 7
108290 105525 1000 0.25 7
108300 105523 1000 0.25 7
108490 102317 1000 0.25 6
108500 102315 1000 0.25 6
108510 102313 1000 0.25 6
108710 101010 1000 0.25 5
108720 101009 1000 0.25 5
108730 101007 1000 0.25 5
111240 15895.8 1000 1.41421 10
111250 15909.9 1000 1.41421 10
111260 15924 1000 1.41421 10
112510 140013 1000 0.25 4
112520 140012 1000 0.25 4
112530 140012 1000 0.25 4
112630 130538 1000 0.25 3
112640 130538 1000 0.25 3
112650 130538 1000 0.25 3
112660 130538 1000 0.25 3
112780 121965 1000 0.25 2
112790 121965 1000 0.25 2
112800 121964 1000 0.25 2
112940 114495 1000 0.25 1
112950 114494 1000 0.25 1
112960 114493 1000 0.25 1
113120 108354 1000 0.25 0
113130 108353 1000 0.25 0
113140 108352 1000 0.25 0
117910 114522 1000 0.25 9
117920 114519 1000 0.25 9
117930 114517 1000 0.25 9
118090 108147 1000 0.25 8
118100 108144 1000 0.25 8
118110 108142 1000 0.25 8
118290 103330 1000 0.25 7
118300 103328 1000 0.25 7
118310 103326 1000 0.25 7
118510 100298 1000 0.25 6
118520 100296 1000 0.25 6
118530 100294 1000 0.25 6
118740 99217.9 1000 0.25 5
118750 99216.2 1000 0.25 5
118760 99214.4 1000 0.25 5
121240 30037.9 1000 1.41421 10
121250 30052 1000 1.41421 10
121260 30066.2 1000 1.41421 10
122480 140001 1000 0.25 4
122490 140001 1000 0.25 4
122500 140001 1000 0.25 4
122600 130336 1000 0.25 3
122610 130336 1000 0.25 3
122620 130335 1000 0.25 3
122630 130335 1000 0.25 3
122740 121545 1000 0.25 2
122750 121544 1000 0.25 2
122760 121544 1000 0.25 2
122900 113829 1000 0.25 1
122910 113828 1000 0.25 1
122920 113828 1000 0.25 1
123080 107420 1000 0.25 0
123090 107419 1000 0.25 0
123100 107418 1000 0.25 0
123110 107417 1000 0.25 0
127920 112109 1000 0.25 9
127930 112106 1000 0.25 9
127940 112104 1000 0.25 9
128110 105823 1000 0.25 8
128120 105821 1000 0.25 8
128130 105819 1000 0.25 8
128310 101145 1000 0.25 7
128320 101143 1000 0.25 7
128330 101141 1000 0.25 7
128530 98302.3 1000 0.25 6
128540 98300.3 1000 0.25 6
128550 98298.4 1000 0.25 6
128560 98296.4 1000 0.25 6
128760 97458.7 1000 0.25 5
128770 97456.9 1000 0.25 5
128780 97455.2 1000 0.25 5
128790 97453.5 1000 0.25 5
131240 44180 1000 1.41421 10
131250 44194.2 1000 1.41421 10
131260 44208.3 1000 1.41421 10
132450 140035 1000 0.25 4
132460 140035 1000 0.25 4
132470 140035 1000 0.25 4
132480 140035 1000 0.25 4
132570 130181 1000 0.25 3
132580 130181 1000 0.25 3
132590 130180 1000 0.25 3
132710 121173 1000 0.25 2
132720 121173 1000 0.25 2
132730 121173 1000 0.25 2
132870 113214 1000 0.25 1
132880 113213 1000 0.25 1
132890 113212 1000 0.25 1
133050 106535 1000 0.25 0
133060 106534 1000 0.25 0
133070 106533 1000 0.25 0
137930 109699 1000 0.25 9
137940 109697 1000 0.25 9
137950 109695 1000 0.25 9
138120 103511 1000 0.25 8
138130 103509 1000 0.25 8
138140 103506 1000 0.25 8
138330 98975.5 1000 0.25 7
138340 98973.3 1000 0.25 7
138350 98971.2 1000 0.25 7
138560 96328.2 1000 0.25 6
138570 96326.3 1000 0.25 6
138580 96324.3 1000 0.25 6
138790 95731 1000 0.25 5
138800 95729.3 1000 0.25 5
138810 95727.5 1000 0.25 5
138820 95725.8 1000 0.25 5
141240 58322.2 1000 1.41421 10
141250 58336.3 1000 1.41421 10
141260 58350.5 1000 1.41421 10
142430 140112 1000 0.25 4
142440 140112 1000 0.25 4
142450 140112 1000 0.25 4
142540 130073 1000 0.25 3
142550 130073 1000 0.25 3
142560 130073 1000 0.25 3
142680 120853 1000 0.25 2
142690 120852 1000 0.25 2
142700 120852 1000 0.25 2
142840 112650 1000 0.25 1
142850 112649 1000 0.25 1
142860 112649 1000 0.25 1
143010 105702 1000 0.25 0
143020 105701 1000 0.25 0
143030 105700 1000 0.25 0
143040 105699 1000 0.25 0
147940 107294 1000 0.25 9
147950 107292 1000 0.25 9
147960 107290 1000 0.25 9
148140 101205 1000 0.25 8
148150 101203 1000 0.25 8
148160 101201 1000 0.25 8
148350 96821.9 1000 0.25 7
148360 96819.8 1000 0.25 7
148370 96817.6 1000 0.25 7
148590 94379.5 1000 0.25 6
148600 94377.6 1000 0.25 6
148610 94375.6 1000 0.25 6
148830 94036.7 1000 0.25 5
148840 94035 1000 0.25 5
148850 94033.3 1000 0.25 5
151240 72464.3 1000 1.41421 10
151250 72478.4 1000 1.41421 10
151260 72492.6 1000 1.41421 10
152400 140234 1000 0.25 4
152410 140234 1000 0.25 4
152420 140234 1000 0.25 4
152510 130013 1000 0.25 3
152520 130013 1000 0.25 3
152530 130013 1000 0.25 3
152650 120582 1000 0.25 2
152660 120582 1000 0.25 2
152670 120582 1000 0.25 2
152800 112139 1000 0.25 1
152810 112139 1000 0.25 1
152820 112138 1000 0.25 1
152980 104921 1000 0.25 0
152990 104920 1000 0.25 0
153000 104919 1000 0.25 0
157950 104894 1000 0.25 9
157960 104892 1000 0.25 9
157970 104889 1000 0.25 9
158150 98911.4 1000 0.25 8
158160 98909.1 1000 0.25 8
158170 98906.8 1000 0.25 8
158370 94685.6 1000 0.25 7
158380 94683.5 1000 0.25 7
158390 94681.4 1000 0.25 7
158400 94679.2 1000 0.25 7
158610 92459.6 1000 0.25 6
158620 92457.7 1000 0.25 6
158630 92455.8 1000 0.25 6
158860 92381.2 1000 0.25 5
158870 92379.5 1000 0.25 5
158880 92377.9 1000 0.25 5
161240 86606.4 1000 1.41421 10
161250 86620.6 1000 1.41421 10
161260 86634.7 1000 1.41421 10
162370 140400 1000 0.25 4
162380 140400 1000 0.25 4
162390 140401 1000 0.25 4
162480 130001 1000 0.25 3
162490 130001 1000 0.25 3
162500 130002 1000 0.25 3
162610 120364 1000 0.25 2
162620 120363 1000 0.25 2
162630 120363 1000 0.25 2
162770 111682 1000 0.25 1
162780 111681 1000 0.25 1
162790 111681 1000 0.25 1
162940 104194 1000 0.25 0
162950 104194 1000 0.25 0
162960 104193 1000 0.25 0
167960 102499 1000 0.25 9
167970 102496 1000 0.25 9
167980 102494 1000 0.25 9
168170 96625.7 1000 0.25 8
168180 96623.4 1000 0.25 8
168190 96621.1 1000 0.25 8
168400 92565.7 1000 0.25 7
168410 92563.6 1000 0.25 7
168420 92561.5 1000 0.25 7
168640 90566.4 1000 0.25 6
168650 90564.5 1000 0.25 6
168660 90562.6 1000 0.25 6
168890 90764.7 1000 0.25 5
168900 90763.2 1000 0.25 5
168910 90761.6 1000 0.25 5
171240 100749 1000 1.41421 10
171250 100763 1000 1.41421 10
171260 100777 1000 1.41421 10
172340 140610 1000 0.25 4
172350 140610 1000 0.25 4
172360 140611 1000 0.25 4
172450 130037 1000 0.25 3
172460 130037 1000 0.25 3
172470 130037 1000 0.25 3
172580 120196 1000 0.25 2
172590 120195 1000 0.25 2
172600 120195 1000 0.25 2
172730 111278 1000 0.25 1
172740 111278 1000 0.25 1
172750 111277 1000 0.25 1
172910 103522 1000 0.25 0
172920 103521 1000 0.25 0
172930 103521 1000 0.25 0
177970 100108 1000 0.25 9
177980 100106 1000 0.25 9
177990 100104 1000 0.25 9
178000 100101 1000 0.25 9
178190 94351.1 1000 0.25 8
178200 94348.8 1000 0.25 8
178210 94346.6 1000 0.25 8
178420 90467.7 1000 0.25 7
178430 90465.6 1000 0.25 7
178440 90463.5 1000 0.25 7
178670 88703.6 1000 0.25 6
178680 88701.8 1000 0.25 6
178690 88700 1000 0.25 6
178930 89188 1000 0.25 5
178940 89186.4 1000 0.25 5
178950 89184.9 1000 0.25 5
181240 114891 1000 1.41421 10
181250 114905 1000 1.41421 10
181260 114919 1000 1.41421 10
182310 140864 1000 0.25 4
182320 140864 1000 0.25 4
182330 140865 1000 0.25 4
182420 130121 1000 0.25 3
182430 130121 1000 0.25 3
182440 130121 1000 0.25 3
182550 120079 1000 0.25 2
182560 120079 1000 0.25 2
182570 120079 1000 0.25 2
182700 110929 1000 0.25 1
182710 110929 1000 0.25 1
182720 110928 1000 0.25 1
182870 102906 1000 0.25 0
182880 102905 1000 0.25 0
182890 102905 1000 0.25 0
187990 97721.4 1000 0.25 9
188000 97719 1000 0.25 9
188010 97716.6 1000 0.25 9
188200 92090.7 1000 0.25 8
188210 92088.5 1000 0.25 8
188220 92086.2 1000 0.25 8
188230 92084 1000 0.25 8
188450 88388.8 1000 0.25 7
188460 88386.8 1000 0.25 7
188470 88384.7 1000 0.25 7
188700 86873.4 1000 0.25 6
188710 86871.6 1000 0.25 6
188720 86869.7 1000 0.25 6
188960 87656.2 1000 0.25 5
188970 87654.7 1000 0.25 5
188980 87653.2 1000 0.25 5
191240 129033 1000 1.41421 10
191250 129047 1000 1.41421 10
191260 129061 1000 1.41421 10
192280 141161 1000 0.25 4
192290 141162 1000 0.25 4
192300 141162 1000 0.25 4
192310 141162 1000 0.25 4
192390 130252 1000 0.25 3
192400 130252 1000 0.25 3
192410 130252 1000 0.25 3
192510 120015 1000 0.25 2
192520 120015 1000 0.25 2
192530 120015 1000 0.25 2
192540 120014 1000 0.25 2
192660 110635 1000 0.25 1
192670 110635 1000 0.25 1
192680 110634 1000 0.25 1
192830 102347 1000 0.25 0
192840 102346 1000 0.25 0
192850 102346 1000 0.25 0
198000 95342.8 1000 0.25 9
198010 95340.4 1000 0.25 9
198020 95338.1 1000 0.25 9
198220 89841 1000 0.25 8
198230 89838.7 1000 0.25 8
198240 89836.5 1000 0.25 8
198250 89834.2 1000 0.25 8
198470 86334.8 1000 0.25 7
198480 86332.8 1000 0.25 7
198490 86330.7 1000 0.25 7
198730 85077.6 1000 0.25 6
198740 85075.8 1000 0.25 6
198750 85074.1 1000 0.25 6
198760 85072.3 1000 0.25 6
199000 86168.8 1000 0.25 5
199010 86167.3 1000 0.25 5
199020 86165.9 1000 0.25 5
201240 143175 1000 1.41421 10
201250 143189 1000 1.41421 10
201260 143203 1000 1.41421 10
202260 141502 1000 0.25 4
202270 141503 1000 0.25 4
202280 141503 1000 0.25 4
202360 130431 1000 0.25 3
202370 130431 1000 0.25 3
202380 130431 1000 0.25 3
202480 120002 1000 0.25 2
202490 120002 1000 0.25 2
202500 120002 1000 0.25 2
202620 110396 1000 0.25 1
202630 110396 1000 0.25 1
202640 110396 1000 0.25 1
202650 110396 1000 0.25 1
202790 101846 1000 0.25 0
202800 101845 1000 0.25 0
202810 101845 1000 0.25 0
208010 92970.7 1000 0.25 9
208020 92968.4 1000 0.25 9
208030 92966 1000 0.25 9
208240 87605 1000 0.25 8
208250 87602.8 1000 0.25 8
208260 87600.6 1000 0.25 8
208270 87598.4 1000 0.25 8
208500 84303.1 1000 0.25 7
208510 84301.1 1000 0.25 7
208520 84299.1 1000 0.25 7
208770 83316.9 1000 0.25 6
208780 83315.2 1000 0.25 6
208790 83313.4 1000 0.25 6
209040 84729.6 1000 0.25 5
209050 84728.2 1000 0.25 5
209060 84726.8 1000 0.25 5
212230 141886 1000 0.25 4
212240 141886 1000 0.25 4
212250 141887 1000 0.25 4
212330 130657 1000 0.25 3
212340 130657 1000 0.25 3
212350 130657 1000 0.25 3
212450 120040 1000 0.25 2
212460 120040 1000 0.25 2
212470 120040 1000 0.25 2
212590 110213 1000 0.25 1
212600 110213 1000 0.25 1
212610 110213 1000 0.25 1
212750 101403 1000 0.25 0
212760 101403 1000 0.25 0
212770 101403 1000 0.25 0
212780 101402 1000 0.25 0
218030 90603.4 1000 0.25 9
218040 90601 1000 0.25 9
218050 90598.6 1000 0.25 9
218270 85381.9 1000 0.25 8
218280 85379.7 1000 0.25 8
218290 85377.4 1000 0.25 8
218530 82297.7 1000 0.25 7
218540 82295.7 1000 0.25 7
218550 82293.7 1000 0.25 7
218800 81597.1 1000 0.25 6
218810 81595.4 1000 0.25 6
218820 81593.7 1000 0.25 6
218830 81592 1000 0.25 6
219080 83341.2 1000 0.25 5
219090 83339.8 1000 0.25 5
219100 83338.5 1000 0.25 5
222200 142312 1000 0.25 4
222210 142313 1000 0.25 4
222220 142313 1000 0.25 4
222300 130930 1000 0.25 3
222310 130930 1000 0.25 3
222320 130930 1000 0.25 3
222410 120131 1000 0.25 2
222420 120131 1000 0.25 2
222430 120131 1000 0.25 2
222440 120131 1000 0.25 2
222550 110086 1000 0.25 1
222560 110086 1000 0.25 1
222570 110086 1000 0.25 1
222720 101020 1000 0.25 0
222730 101020 1000 0.25 0
222740 101019 1000 0.25 0
228040 88245.9 1000 0.25 9
228050 88243.6 1000 0.25 9
228060 88241.2 1000 0.25 9
228290 83177 1000 0.25 8
228300 83174.8 1000 0.25 8
228310 83172.7 1000 0.25 8
228560 80320.5 1000 0.25 7
228570 80318.5 1000 0.25 7
228580 80316.6 1000 0.25 7
228840 79917.4 1000 0.25 6
228850 79915.7 1000 0.25 6
228860 79914.1 1000 0.25 6
229120 82006.1 1000 0.25 5
229130 82004.8 1000 0.25 5
229140 82003.5 1000 0.25 5
232170 142781 1000 0.25 4
232180 142781 1000 0.25 4
232190 142782 1000 0.25 4
232200 142782 1000 0.25 4
232270 131250 1000 0.25 3
232280 131250 1000 0.25 3
232290 131250 1000 0.25 3
232380 120273 1000 0.25 2
232390 120273 1000 0.25 2
232400 120273 1000 0.25 2
232520 110016 1000 0.25 1
232530 110016 1000 0.25 1
232540 110016 1000 0.25 1
232680 100697 1000 0.25 0
232690 100697 1000 0.25 0
232700 100697 1000 0.25 0
238060 85894.3 1000 0.25 9
238070 85892 1000 0.25 9
238080 85889.6 1000 0.25 9
238310 80989.7 1000 0.25 8
238320 80987.5 1000 0.25 8
238330 80985.3 1000 0.25 8
238590 78373.6 1000 0.25 7
238600 78371.7 1000 0.25 7
238610 78369.8 1000 0.25 7
238880 78282 1000 0.25 6
238890 78280.4 1000 0.25 6
238900 78278.8 1000 0.25 6
239160 80727 1000 0.25 5
239170 80725.7 1000 0.25 5
239180 80724.5 1000 0.25 5
242150 143292 1000 0.25 4
242160 143292 1000 0.25 4
242170 143293 1000 0.25 4
242240 131616 1000 0.25 3
242250 131616 1000 0.25 3
242260 131617 1000 0.25 3
242350 120466 1000 0.25 2
242360 120466 1000 0.25 2
242370 120467 1000 0.25 2
242480 110002 1000 0.25 1
242490 110002 1000 0.25 1
242500 110002 1000 0.25 1
242640 100435 1000 0.25 0
242650 100435 1000 0.25 0
242660 100435 1000 0.25 0
248070 83554 1000 0.25 9
248080 83551.7 1000 0.25 9
248090 83549.3 1000 0.25 9
248100 83547 1000 0.25 9
248340 78819.1 1000 0.25 8
248350 78816.9 1000 0.25 8
248360 78814.8 1000 0.25 8
248620 76459.4 1000 0.25 7
248630 76457.5 1000 0.25 7
248640 76455.6 1000 0.25 7
248650 76453.8 1000 0.25 7
248920 76694 1000 0.25 6
248930 76692.5 1000 0.25 6
248940 76690.9 1000 0.25 6
249200 79506.5 1000 0.25 5
249210 79505.4 1000 0.25 5
249220 79504.2 1000 0.25 5
252120 143844 1000 0.25 4
252130 143844 1000 0.25 4
252140 143845 1000 0.25 4
252210 132028 1000 0.25 3
252220 132029 1000 0.25 3
252230 132029 1000 0.25 3
252320 120711 1000 0.25 2
252330 120711 1000 0.25 2
252340 120711 1000 0.25 2
252440 110044 1000 0.25 1
252450 110044 1000 0.25 1
252460 110044 1000 0.25 1
252470 110044 1000 0.25 1
252600 100234 1000 0.25 0
252610 100234 1000 0.25 0
252620 100234 1000 0.25 0
258090 81221 1000 0.25 9
258100 81218.7 1000 0.25 9
258110 81216.4 1000 0.25 9
258360 76671.2 1000 0.25 8
258370 76669 1000 0.25 8
258380 76666.9 1000 0.25 8
258660 74578.6 1000 0.25 7
258670 74576.7 1000 0.25 7
258680 74574.9 1000 0.25 7
258960 75156.3 1000 0.25 6
258970 75154.8 1000 0.25 6
258980 75153.3 1000 0.25 6
259250 78346.4 1000 0.25 5
259260 78345.3 1000 0.25 5
259270 78344.2 1000 0.25 5
262090 144436 1000 0.25 4
262100 144437 1000 0.25 4
262110 144438 1000 0.25 4
262120 144438 1000 0.25 4
262180 132486 1000 0.25 3
262190 132487 1000 0.25 3
262200 132487 1000 0.25 3
262280 121006 1000 0.25 2
262290 121006 1000 0.25 2
262300 121007 1000 0.25 2
262310 121007 1000 0.25 2
262410 110143 1000 0.25 1
262420 110143 1000 0.25 1
262430 110143 1000 0.25 1
262560 100095 1000 0.25 0
262570 100095 1000 0.25 0
262580 100095 1000 0.25 0
268110 78898.6 1000 0.25 9
268120 78896.3 1000 0.25 9
268130 78894 1000 0.25 9
268390 74543.4 1000 0.25 8
268400 74541.3 1000 0.25 8
268410 74539.2 1000 0.25 8
268700 72735.7 1000 0.25 7
268710 72733.9 1000 0.25 7
268720 72732.1 1000 0.25 7
269000 73672 1000 0.25 6
269010 73670.5 1000 0.25 6
269020 73669.1 1000 0.25 6
269030 73667.6 1000 0.25 6
269290 77251.7 1000 0.25 5
269300 77250.6 1000 0.25 5
269310 77249.5 1000 0.25 5
269320 77248.5 1000 0.25 5
272070 145070 1000 0.25 4
272080 145071 1000 0.25 4
272090 145071 1000 0.25 4
272150 132989 1000 0.25 3
272160 132990 1000 0.25 3
272170 132990 1000 0.25 3
272250 121352 1000 0.25 2
272260 121352 1000 0.25 2
272270 121353 1000 0.25 2
272370 110297 1000 0.25 1
272380 110297 1000 0.25 1
272390 110298 1000 0.25 1
272520 100017 1000 0.25 0
272530 100017 1000 0.25 0
272540 100017 1000 0.25 0
278130 76587.7 1000 0.25 9
278140 76585.4 1000 0.25 9
278150 76583.1 1000 0.25 9
278420 72440 1000 0.25 8
278430 72437.9 1000 0.25 8
278440 72435.8 1000 0.25 8
278730 70935.5 1000 0.25 7
278740 70933.8 1000 0.25 7
278750 70932 1000 0.25 7
278760 70930.2 1000 0.25 7
279050 72243 1000 0.25 6
279060 72241.6 1000 0.25 6
279070 72240.3 1000 0.25 6
279340 76222.9 1000 0.25 5
279350 76221.9 1000 0.25 5
279360 76220.9 1000 0.25 5
282040 145743 1000 0.25 4
282050 145744 1000 0.25 4
282060 145745 1000 0.25 4
282120 133537 1000 0.25 3
282130 133537 1000 0.25 3
282140 133538 1000 0.25 3
282220 121748 1000 0.25 2
282230 121748 1000 0.25 2
282240 121749 1000 0.25 2
282340 110508 1000 0.25 1
282350 110508 1000 0.25 1
282360 110509 1000 0.25 1
282480 100002 1000 0.25 0
282490 100002 1000 0.25 0
282500 100002 1000 0.25 0
288150 74289.3 1000 0.25 9
288160 74287 1000 0.25 9
288170 74284.7 1000 0.25 9
288450 70363.1 1000 0.25 8
288460 70361 1000 0.25 8
288470 70359 1000 0.25 8
288770 69177.7 1000 0.25 7
288780 69176 1000 0.25 7
288790 69174.3 1000 0.25 7
288800 69172.5 1000 0.25 7
289100 70874.4 1000 0.25 6
289110 70873 1000 0.25 6
289120 70871.7 1000 0.25 6
289390 75263.9 1000 0.25 5
289400 75263 1000 0.25 5
289410 75262.1 1000 0.25 5
292010 146456 1000 0.25 4
292020 146456 1000 0.25 4
292030 146457 1000 0.25 4
292040 146458 1000 0.25 4
292090 134129 1000 0.25 3
292100 134129 1000 0.25 3
292110 134130 1000 0.25 3
292190 122193 1000 0.25 2
292200 122194 1000 0.25 2
292210 122194 1000 0.25 2
292300 110774 1000 0.25 1
292310 110775 1000 0.25 1
292320 110775 1000 0.25 1
292440 100048 1000 0.25 0
292450 100048 1000 0.25 0
292460 100049 1000 0.25 0
298170 72004.8 1000 0.25 9
298180 72002.5 1000 0.25 9
298190 72000.2 1000 0.25 9
298480 68315 1000 0.25 8
298490 68313 1000 0.25 8
298500 68311 1000 0.25 8
298510 68309 1000 0.25 8
298820 67465.8 1000 0.25 7
298830 67464.1 1000 0.25 7
298840 67462.5 1000 0.25 7
299140 69570.8 1000 0.25 6
299150 69569.5 1000 0.25 6
299160 69568.3 1000 0.25 6
299170 69567 1000 0.25 6
299440 74377.5 1000 0.25 5
299450 74376.7 1000 0.25 5
299460 74375.9 1000 0.25 5
301990 147207 1000 0.25 4
302000 147208 1000 0.25 4
302010 147209 1000 0.25 4
302060 134764 1000 0.25 3
302070 134765 1000 0.25 3
302080 134765 1000 0.25 3
302090 134766 1000 0.25 3
302160 122688 1000 0.25 2
302170 122688 1000 0.25 2
302180 122689 1000 0.25 2
302270 111096 1000 0.25 1
302280 111096 1000 0.25 1
302290 111097 1000 0.25 1
302400 100157 1000 0.25 0
302410 100157 1000 0.25 0
302420 100157 1000 0.25 0
308200 69733.1 1000 0.25 9
308210 69730.8 1000 0.25 9
308220 69728.6 1000 0.25 9
308520 66296.6 1000 0.25 8
308530 66294.6 1000 0.25 8
308540 66292.6 1000 0.25 8
308860 65807 1000 0.25 7
308870 65805.3 1000 0.25 7
308880 65803.7 1000 0.25 7
309190 68333.4 1000 0.25 6
309200 68332.2 1000 0.25 6
309210 68331 1000 0.25 6
309220 68329.8 1000 0.25 6
309490 73566.3 1000 0.25 5
309500 73565.6 1000 0.25 5
309510 73564.8 1000 0.25 5
311960 147997 1000 0.25 4
311970 147998 1000 0.25 4
311980 147998 1000 0.25 4
311990 147999 1000 0.25 4
312040 135443 1000 0.25 3
312050 135444 1000 0.25 3
312060 135444 1000 0.25 3
312120 123230 1000 0.25 2
312130 123231 1000 0.25 2
312140 123231 1000 0.25 2
312150 123232 1000 0.25 2
312230 111472 1000 0.25 1
312240 111473 1000 0.25 1
312250 111473 1000 0.25 1
312360 100327 1000 0.25 0
312370 100327 1000 0.25 0
312380 100327 1000 0.25 0
318220 67480.4 1000 0.25 9
318230 67478.1 1000 0.25 9
318240 67475.9 1000 0.25 9
318560 64312.7 1000 0.25 8
318570 64310.8 1000 0.25 8
318580 64308.8 1000 0.25 8
318910 64201.8 1000 0.25 7
318920 64200.3 1000 0.25 7
318930 64198.7 1000 0.25 7
319250 67166.1 1000 0.25 6
319260 67165 1000 0.25 6
319270 67163.9 1000 0.25 6
319540 72832.8 1000 0.25 5
319550 72832.1 1000 0.25 5
319560 72831.4 1000 0.25 5
319570 72830.7 1000 0.25 5
321940 148825 1000 0.25 4
321950 148825 1000 0.25 4
321960 148826 1000 0.25 4
322010 136163 1000 0.25 3
322020 136164 1000 0.25 3
322030 136165 1000 0.25 3
322090 123821 1000 0.25 2
322100 123822 1000 0.25 2
322110 123822 1000 0.25 2
322200 111903 1000 0.25 1
322210 111904 1000 0.25 1
322220 111904 1000 0.25 1
322320 100558 1000 0.25 0
322330 100558 1000 0.25 0
322340 100559 1000 0.25 0
328250 65243.8 1000 0.25 9
328260 65241.6 1000 0.25 9
328270 65239.4 1000 0.25 9
328600 62366.8 1000 0.25 8
328610 62364.9 1000 0.25 8
328620 62363 1000 0.25 8
328960 62656.3 1000 0.25 7
328970 62654.8 1000 0.25 7
328980 62653.3 1000 0.25 7
329300 66075 1000 0.25 6
329310 66074 1000 0.25 6
329320 66072.9 1000 0.25 6
329600 72178.7 1000 0.25 5
329610 72178.1 1000 0.25 5
329620 72177.4 1000 0.25 5
331910 149688 1000 0.25 4
331920 149689 1000 0.25 4
331930 149690 1000 0.25 4
331940 149691 1000 0.25 4
331980 136925 1000 0.25 3
331990 136926 1000 0.25 3
332000 136927 1000 0.25 3
332060 124459 1000 0.25 2
332070 124459 1000 0.25 2
332080 124460 1000 0.25 2
332160 112387 1000 0.25 1
332170 112388 1000 0.25 1
332180 112388 1000 0.25 1
332280 100851 1000 0.25 0
332290 100851 1000 0.25 0
332300 100851 1000 0.25 0
338280 63027.7 1000 0.25 9
338290 63025.5 1000 0.25 9
338300 63023.3 1000 0.25 9
338640 60462.5 1000 0.25 8
338650 60460.6 1000 0.25 8
338660 60458.8 1000 0.25 8
339010 61175 1000 0.25 7
339020 61173.6 1000 0.25 7
339030 61172.2 1000 0.25 7
339360 65061.7 1000 0.25 6
339370 65060.7 1000 0.25 6
339380 65059.8 1000 0.25 6
339650 71607.5 1000 0.25 5
339660 71607 1000 0.25 5
339670 71606.4 1000 0.25 5
341950 137728 1000 0.25 3
341960 137729 1000 0.25 3
341970 137730 1000 0.25 3
341980 137731 1000 0.25 3
342030 125143 1000 0.25 2
342040 125144 1000 0.25 2
342050 125144 1000 0.25 2
342130 112924 1000 0.25 1
342140 112925 1000 0.25 1
342150 112925 1000 0.25 1
342240 101203 1000 0.25 0
342250 101204 1000 0.25 0
342260 101204 1000 0.25 0
342270 101204 1000 0.25 0
348310 60834.1 1000 0.25 9
348320 60832 1000 0.25 9
348330 60829.8 1000 0.25 9
348680 58603.8 1000 0.25 8
348690 58602 1000 0.25 8
348700 58600.2 1000 0.25 8
348710 58598.3 1000 0.25 8
349070 59761.3 1000 0.25 7
349080 59760 1000 0.25 7
349090 59758.6 1000 0.25 7
349410 64132 1000 0.25 6
349420 64131.1 1000 0.25 6
349430 64130.2 1000 0.25 6
349440 64129.3 1000 0.25 6
349710 71120.1 1000 0.25 5
349720 71119.7 1000 0.25 5
349730 71119.2 1000 0.25 5
351930 138572 1000 0.25 3
351940 138573 1000 0.25 3
351950 138574 1000 0.25 3
352000 125873 1000 0.25 2
352010 125874 1000 0.25 2
352020 125874 1000 0.25 2
352090 113513 1000 0.25 1
352100 113514 1000 0.25 1
352110 113514 1000 0.25 1
352200 101616 1000 0.25 0
352210 101616 1000 0.25 0
352220 101617 1000 0.25 0
352230 101617 1000 0.25 0
358340 58665.8 1000 0.25 9
358350 58663.6 1000 0.25 9
358360 58661.5 1000 0.25 9
358370 58659.3 1000 0.25 9
358730 56793.5 1000 0.25 8
358740 56791.7 1000 0.25 8
358750 56789.9 1000 0.25 8
359120 58423 1000 0.25 7
359130 58421.7 1000 0.25 7
359140 58420.4 1000 0.25 7
359150 58419.1 1000 0.25 7
359470 63287.6 1000 0.25 6
359480 63286.8 1000 0.25 6
359490 63286 1000 0.25 6
359500 63285.2 1000 0.25 6
359760 70719.2 1000 0.25 5
359770 70718.8 1000 0.25 5
359780 70718.5 1000 0.25 5
361900 139455 1000 0.25 3
361910 139456 1000 0.25 3
361920 139457 1000 0.25 3
361970 126648 1000 0.25 2
361980 126649 1000 0.25 2
361990 126649 1000 0.25 2
362060 114154 1000 0.25 1
362070 114155 1000 0.25 1
362080 114155 1000 0.25 1
362170 102088 1000 0.25 0
362180 102089 1000 0.25 0
362190 102089 1000 0.25 0
368380 56523.3 1000 0.25 9
368390 56521.2 1000 0.25 9
368400 56519.1 1000 0.25 9
368780 55038.3 1000 0.25 8
368790 55036.6 1000 0.25 8
368800 55034.9 1000 0.25 8
368810 55033.2 1000 0.25 8
369180 57162.6 1000 0.25 7
369190 57161.4 1000 0.25 7
369200 57160.2 1000 0.25 7
369210 57159 1000 0.25 7
369530 62533 1000 0.25 6
369540 62532.3 1000 0.25 6
369550 62531.6 1000 0.25 6
369560 62530.9 1000 0.25 6
369820 70405.4 1000 0.25 5
369830 70405.2 1000 0.25 5
369840 70404.9 1000 0.25 5
371870 140376 1000 0.25 3
371880 140377 1000 0.25 3
371890 140378 1000 0.25 3
371900 140379 1000 0.25 3
371940 127467 1000 0.25 2
371950 127467 1000 0.25 2
371960 127468 1000 0.25 2
372030 114846 1000 0.25 1
372040 114846 1000 0.25 1
372050 114847 1000 0.25 1
372130 102618 1000 0.25 0
372140 102619 1000 0.25 0
372150 102619 1000 0.25 0
378420 54412.4 1000 0.25 9
378430 54410.3 1000 0.25 9
378440 54408.2 1000 0.25 9
378840 53342.1 1000 0.25 8
378850 53340.5 1000 0.25 8
378860 53338.8 1000 0.25 8
379250 55985.8 1000 0.25 7
379260 55984.7 1000 0.25 7
379270 55983.6 1000 0.25 7
379600 61870.9 1000 0.25 6
379610 61870.3 1000 0.25 6
379620 61869.7 1000 0.25 6
379870 70180.7 1000 0.25 5
379880 70180.5 1000 0.25 5
379890 70180.3 1000 0.25 5
379900 70180.1 1000 0.25 5
381850 141337 1000 0.25 3
381860 141338 1000 0.25 3
381870 141339 1000 0.25 3
381910 128328 1000 0.25 2
381920 128329 1000 0.25 2
381930 128330 1000 0.25 2
381990 115586 1000 0.25 1
382000 115587 1000 0.25 1
382010 115587 1000 0.25 1
382090 103206 1000 0.25 0
382100 103206 1000 0.25 0
382110 103207 1000 0.25 0
388460 52336.6 1000 0.25 9
388470 52334.6 1000 0.25 9
388480 52332.5 1000 0.25 9
388900 51712.7 1000 0.25 8
388910 51711.1 1000 0.25 8
388920 51709.5 1000 0.25 8
389310 54900.3 1000 0.25 7
389320 54899.3 1000 0.25 7
389330 54898.2 1000 0.25 7
389660 61305.6 1000 0.25 6
389670 61305.1 1000 0.25 6
389680 61304.6 1000 0.25 6
389930 70045.3 1000 0.25 5
389940 70045.2 1000 0.25 5
389950 70045.1 1000 0.25 5
391820 142333 1000 0.25 3
391830 142334 1000 0.25 3
391840 142335 1000 0.25 3
391880 129233 1000 0.25 2
391890 129234 1000 0.25 2
391900 129235 1000 0.25 2
391910 129236 1000 0.25 2
391960 116375 1000 0.25 1
391970 116376 1000 0.25 1
391980 116377 1000 0.25 1
392050 103849 1000 0.25 0
392060 103850 1000 0.25 0
392070 103851 1000 0.25 0
392080 103851 1000 0.25 0
398510 50298.5 1000 0.25 9
398520 50296.5 1000 0.25 9
398530 50294.5 1000 0.25 9
398960 50156.4 1000 0.25 8
398970 50154.9 1000 0.25 8
398980 50153.4 1000 0.25 8
399380 53909.4 1000 0.25 7
399390 53908.5 1000 0.25 7
399400 53907.5 1000 0.25 7
399720 60839.2 1000 0.25 6
399730 60838.8 1000 0.25 6
399740 60838.3 1000 0.25 6
399750 60837.9 1000 0.25 6
399990 70000 1000 0.25 5
400000 70000 1000 0.25 5
400010 70000 1000 0.25 5
401800 143367 1000 0.25 3
401810 143368 1000 0.25 3
401820 143369 1000 0.25 3
401860 130180 1000 0.25 2
401870 130181 1000 0.25 2
401880 130181 1000 0.25 2
401930 117213 1000 0.25 1
401940 117214 1000 0.25 1
401950 117214 1000 0.25 1
402020 104549 1000 0.25 0
402030 104550 1000 0.25 0
402040 104551 1000 0.25 0
408560 48305.1 1000 0.25 9
408570 48303.1 1000 0.25 9
408580 48301.1 1000 0.25 9
409020 48680.4 1000 0.25 8
409030 48679 1000 0.25 8
409040 48677.6 1000 0.25 8
409050 48676.2 1000 0.25 8
409450 53019.6 1000 0.25 7
409460 53018.8 1000 0.25 7
409470 53018 1000 0.25 7
409790 60473.5 1000 0.25 6
409800 60473.2 1000 0.25 6
409810 60472.8 1000 0.25 6
410050 70045.1 1000 0.25 5
410060 70045.2 1000 0.25 5
410070 70045.3 1000 0.25 5
411770 144436 1000 0.25 3
411780 144437 1000 0.25 3
411790 144438 1000 0.25 3
411830 131166 1000 0.25 2
411840 131167 1000 0.25 2
411850 131168 1000 0.25 2
411900 118097 1000 0.25 1
411910 118098 1000 0.25 1
411920 118099 1000 0.25 1
411980 105303 1000 0.25 0
411990 105304 1000 0.25 0
412000 105304 1000 0.25 0
418610 46362.1 1000 0.25 9
418620 46360.2 1000 0.25 9
418630 46358.3 1000 0.25 9
419090 47290.9 1000 0.25 8
419100 47289.5 1000 0.25 8
419110 47288.2 1000 0.25 8
419120 47286.9 1000 0.25 8
419520 52236.1 1000 0.25 7
419530 52235.4 1000 0.25 7
419540 52234.7 1000 0.25 7
419860 60210.9 1000 0.25 6
419870 60210.7 1000 0.25 6
419880 60210.5 1000 0.25 6
420100 70180.1 1000 0.25 5
420110 70180.3 1000 0.25 5
420120 70180.5 1000 0.25 5
420130 70180.7 1000 0.25 5
421750 145541 1000 0.25 3
421760 145542 1000 0.25 3
421770 145543 1000 0.25 3
421800 132192 1000 0.25 2
421810 132193 1000 0.25 2
421820 132194 1000 0.25 2
421870 119026 1000 0.25 1
421880 119027 1000 0.25 1
421890 119028 1000 0.25 1
421950 106110 1000 0.25 0
421960 106111 1000 0.25 0
421970 106112 1000 0.25 0
428670 44474.4 1000 0.25 9
428680 44472.6 1000 0.25 9
428690 44470.7 1000 0.25 9
429170 45996 1000 0.25 8
429180 45994.7 1000 0.25 8
429190 45993.5 1000 0.25 8
429600 51563.2 1000 0.25 7
429610 51562.6 1000 0.25 7
429620 51561.9 1000 0.25 7
429920 60052.9 1000 0.25 6
429930 60052.8 1000 0.25 6
429940 60052.7 1000 0.25 6
430160 70404.9 1000 0.25 5
430170 70405.2 1000 0.25 5
430180 70405.4 1000 0.25 5
431720 146678 1000 0.25 3
431730 146679 1000 0.25 3
431740 146680 1000 0.25 3
431770 133257 1000 0.25 2
431780 133258 1000 0.25 2
431790 133259 1000 0.25 2
431830 120000 1000 0.25 1
431840 120001 1000 0.25 1
431850 120002 1000 0.25 1
431860 120003 1000 0.25 1
431910 106969 1000 0.25 0
431920 106970 1000 0.25 0
431930 106970 1000 0.25 0
438730 42651.5 1000 0.25 9
438740 42649.7 1000 0.25 9
438750 42648 1000 0.25 9
439250 44805.5 1000 0.25 8
439260 44804.4 1000 0.25 8
439270 44803.3 1000 0.25 8
439670 51006.4 1000 0.25 7
439680 51005.9 1000 0.25 7
439690 51005.5 1000 0.25 7
439990 60000 1000 0.25 6
440000 60000 1000 0.25 6
440010 60000 1000 0.25 6
440220 70718.5 1000 0.25 5
440230 70718.8 1000 0.25 5
440240 70719.2 1000 0.25 5
441700 147850 1000 0.25 3
441710 147851 1000 0.25 3
441720 147853 1000 0.25 3
441750 134360 1000 0.25 2
441760 134361 1000 0.25 2
441770 134363 1000 0.25 2
441800 121017 1000 0.25 1
441810 121018 1000 0.25 1
441820 121019 1000 0.25 1
441830 121020 1000 0.25 1
441880 107879 1000 0.25 0
441890 107880 1000 0.25 0
441900 107881 1000 0.25 0
448800 40900.4 1000 0.25 9
448810 40898.7 1000 0.25 9
448820 40897 1000 0.25 9
449330 43728 1000 0.25 8
449340 43727 1000 0.25 8
449350 43726 1000 0.25 8
449750 50568.7 1000 0.25 7
449760 50568.3 1000 0.25 7
449770 50567.9 1000 0.25 7
450060 60052.7 1000 0.25 6
450070 60052.8 1000 0.25 6
450080 60052.9 1000 0.25 6
450270 71119.2 1000 0.25 5
450280 71119.7 1000 0.25 5
450290 71120.1 1000 0.25 5
451680 149055 1000 0.25 3
451690 149056 1000 0.25 3
451700 149057 1000 0.25 3
451720 135500 1000 0.25 2
451730 135501 1000 0.25 2
451740 135502 1000 0.25 2
451780 122079 1000 0.25 1
451790 122080 1000 0.25 1
451800 122081 1000 0.25 1
451840 108837 1000 0.25 0
451850 108838 1000 0.25 0
451860 108839 1000 0.25 0
451870 108840 1000 0.25 0
458870 39232.7 1000 0.25 9
458880 39231.1 1000 0.25 9
458890 39229.5 1000 0.25 9
458900 39227.9 1000 0.25 9
459410 42772 1000 0.25 8
459420 42771.1 1000 0.25 8
459430 42770.3 1000 0.25 8
459440 42769.4 1000 0.25 8
459830 50253.6 1000 0.25 7
459840 50253.4 1000 0.25 7
459850 50253.1 1000 0.25 7
460120 60210.5 1000 0.25 6
460130 60210.7 1000 0.25 6
460140 60210.9 1000 0.25 6
460330 71606.4 1000 0.25 5
460340 71607 1000 0.25 5
460350 71607.5 1000 0.25 5
461690 136675 1000 0.25 2
461700 136676 1000 0.25 2
461710 136678 1000 0.25 2
461720 136679 1000 0.25 2
461750 123180 1000 0.25 1
461760 123181 1000 0.25 1
461770 123182 1000 0.25 1
461810 109845 1000 0.25 0
461820 109846 1000 0.25 0
461830 109847 1000 0.25 0
468960 37656.6 1000 0.25 9
468970 37655.1 1000 0.25 9
468980 37653.6 1000 0.25 9
469500 41945.1 1000 0.25 8
469510 41944.3 1000 0.25 8
469520 41943.6 1000 0.25 8
469910 50063.6 1000 0.25 7
469920 50063.5 1000 0.25 7
469930 50063.3 1000 0.25 7
470190 60472.8 1000 0.25 6
470200 60473.2 1000 0.25 6
470210 60473.5 1000 0.25 6
470380 72177.4 1000 0.25 5
470390 72178.1 1000 0.25 5
470400 72178.7 1000 0.25 5
471670 137887 1000 0.25 2
471680 137888 1000 0.25 2
471690 137889 1000 0.25 2
471720 124322 1000 0.25 1
471730 124323 1000 0.25 1
471740 124324 1000 0.25 1
471780 110900 1000 0.25 0
471790 110901 1000 0.25 0
471800 110902 1000 0.25 0
479040 36189.2 1000 0.25 9
479050 36187.8 1000 0.25 9
479060 36186.4 1000 0.25 9
479070 36185 1000 0.25 9
479600 41255.4 1000 0.25 8
479610 41254.8 1000 0.25 8
479620 41254.2 1000 0.25 8
479990 50000 1000 0.25 7
480000 50000 1000 0.25 7
480010 50000 1000 0.25 7
480250 60837.9 1000 0.25 6
480260 60838.3 1000 0.25 6
480270 60838.8 1000 0.25 6
480280 60839.2 1000 0.25 6
480430 72830.7 1000 0.25 5
480440 72831.4 1000 0.25 5
480450 72832.1 1000 0.25 5
480460 72832.8 1000 0.25 5
481640 139131 1000 0.25 2
481650 139133 1000 0.25 2
481660 139134 1000 0.25 2
481670 139135 1000 0.25 2
481690 125503 1000 0.25 1
481700 125504 1000 0.25 1
481710 125505 1000 0.25 1
481750 112000 1000 0.25 0
481760 112001 1000 0.25 0
481770 112002 1000 0.25 0
489140 34839.9 1000 0.25 9
489150 34838.7 1000 0.25 9
489160 34837.4 1000 0.25 9
489690 40711.4 1000 0.25 8
489700 40710.9 1000 0.25 8
489710 40710.5 1000 0.25 8
490070 50063.3 1000 0.25 7
490080 50063.5 1000 0.25 7
490090 50063.6 1000 0.25 7
490320 61304.6 1000 0.25 6
490330 61305.1 1000 0.25 6
490340 61305.6 1000 0.25 6
490490 73564.8 1000 0.25 5
490500 73565.6 1000 0.25 5
490510 73566.3 1000 0.25 5
491620 140411 1000 0.25 2
491630 140412 1000 0.25 2
491640 140413 1000 0.25 2
491660 126721 1000 0.25 1
491670 126723 1000 0.25 1
491680 126724 1000 0.25 1
491710 113143 1000 0.25 0
491720 113144 1000 0.25 0
491730 113145 1000 0.25 0
491740 113146 1000 0.25 0
499240 33626.4 1000 0.25 9
499250 33625.3 1000 0.25 9
499260 33624.2 1000 0.25 9
499270 33623 1000 0.25 9
499790 40317.8 1000 0.25 8
499800 40317.5 1000 0.25 8
499810 40317.2 1000 0.25 8
500150 50253.1 1000 0.25 7
500160 50253.4 1000 0.25 7
500170 50253.6 1000 0.25 7
500380 61869.7 1000 0.25 6
500390 61870.3 1000 0.25 6
500400 61870.9 1000 0.25 6
500540 74375.9 1000 0.25 5
500550 74376.7 1000 0.25 5
500560 74377.5 1000 0.25 5
501600 141722 1000 0.25 2
501610 141723 1000 0.25 2
501620 141725 1000 0.25 2
501640 127978 1000 0.25 1
501650 127980 1000 0.25 1
501660 127981 1000 0.25 1
501680 114330 1000 0.25 0
501690 114331 1000 0.25 0
501700 114333 1000 0.25 0
501710 114334 1000 0.25 0
509350 32562.8 1000 0.25 9
509360 32561.9 1000 0.25 9
509370 32560.9 1000 0.25 9
509380 32559.9 1000 0.25 9
509890 40079.8 1000 0.25 8
509900 40079.6 1000 0.25 8
509910 40079.5 1000 0.25 8
510230 50567.9 1000 0.25 7
510240 50568.3 1000 0.25 7
510250 50568.7 1000 0.25 7
510440 62530.9 1000 0.25 6
510450 62531.6 1000 0.25 6
510460 62532.3 1000 0.25 6
510470 62533 1000 0.25 6
510590 75262.1 1000 0.25 5
510600 75263 1000 0.25 5
510610 75263.9 1000 0.25 5
511570 143064 1000 0.25 2
511580 143065 1000 0.25 2
511590 143066 1000 0.25 2
511610 129270 1000 0.25 1
511620 129271 1000 0.25 1
511630 129273 1000 0.25 1
511650 115559 1000 0.25 0
511660 115560 1000 0.25 0
511670 115561 1000 0.25 0
511680 115563 1000 0.25 0
519470 31664.9 1000 0.25 9
519480 31664.1 1000 0.25 9
519490 31663.3 1000 0.25 9
519990 40000 1000 0.25 8
520000 40000 1000 0.25 8
520010 40000 1000 0.25 8
520310 51005.5 1000 0.25 7
520320 51005.9 1000 0.25 7
520330 51006.4 1000 0.25 7
520500 63285.2 1000 0.25 6
520510 63286 1000 0.25 6
520520 63286.8 1000 0.25 6
520530 63287.6 1000 0.25 6
520640 76220.9 1000 0.25 5
520650 76221.9 1000 0.25 5
520660 76222.9 1000 0.25 5
521550 144437 1000 0.25 2
521560 144439 1000 0.25 2
521570 144440 1000 0.25 2
521580 130597 1000 0.25 1
521590 130598 1000 0.25 1
521600 130599 1000 0.25 1
521620 116828 1000 0.25 0
521630 116829 1000 0.25 0
521640 116831 1000 0.25 0
521650 116832 1000 0.25 0
529590 30948.3 1000 0.25 9
529600 30947.7 1000 0.25 9
529610 30947.1 1000 0.25 9
529620 30946.5 1000 0.25 9
530090 40079.5 1000 0.25 8
530100 40079.6 1000 0.25 8
530110 40079.8 1000 0.25 8
530380 51561.9 1000 0.25 7
530390 51562.6 1000 0.25 7
530400 51563.2 1000 0.25 7
530560 64129.3 1000 0.25 6
530570 64130.2 1000 0.25 6
530580 64131.1 1000 0.25 6
530590 64132 1000 0.25 6
530680 77248.5 1000 0.25 5
530690 77249.5 1000 0.25 5
530700 77250.6 1000 0.25 5
530710 77251.7 1000 0.25 5
531530 145841 1000 0.25 2
531540 145842 1000 0.25 2
531550 145844 1000 0.25 2
531560 131958 1000 0.25 1
531570 131960 1000 0.25 1
531580 131961 1000 0.25 1
531600 118137 1000 0.25 0
531610 118139 1000 0.25 0
531620 118140 1000 0.25 0
539720 30425.4 1000 0.25 9
539730 30425 1000 0.25 9
539740 30424.6 1000 0.25 9
540190 40317.2 1000 0.25 8
540200 40317.5 1000 0.25 8
540210 40317.8 1000 0.25 8
540460 52234.7 1000 0.25 7
540470 52235.4 1000 0.25 7
540480 52236.1 1000 0.25 7
540620 65059.8 1000 0.25 6
540630 65060.7 1000 0.25 6
540640 65061.7 1000 0.25 6
540730 78344.2 1000 0.25 5
540740 78345.3 1000 0.25 5
540750 78346.4 1000 0.25 5
541500 147271 1000 0.25 2
541510 147273 1000 0.25 2
541520 147274 1000 0.25 2
541530 133351 1000 0.25 1
541530 147276 1000 0.25 2
541540 133353 1000 0.25 1
541550 133354 1000 0.25 1
541570 119483 1000 0.25 0
541580 119484 1000 0.25 0
541590 119486 1000 0.25 0
549850 30107.1 1000 0.25 9
549860 30106.9 1000 0.25 9
549870 30106.7 1000 0.25 9
549880 30106.5 1000 0.25 9
550290 40710.5 1000 0.25 8
550300 40710.9 1000 0.25 8
550310 40711.4 1000 0.25 8
550530 53018 1000 0.25 7
550540 53018.8 1000 0.25 7
550550 53019.6 1000 0.25 7
550680 66072.9 1000 0.25 6
550690 66074 1000 0.25 6
550700 66075 1000 0.25 6
550780 79504.2 1000 0.25 5
550790 79505.4 1000 0.25 5
550800 79506.5 1000 0.25 5
551480 148732 1000 0.25 2
551490 148733 1000 0.25 2
551500 148735 1000 0.25 2
551510 134777 1000 0.25 1
551520 134779 1000 0.25 1
551530 134780 1000 0.25 1
551540 120865 1000 0.25 0
551550 120867 1000 0.25 0
551560 120868 1000 0.25 0
559990 30000 1000 0.25 9
560000 30000 1000 0.25 9
560010 30000 1000 0.25 9
560380 41254.2 1000 0.25 8
560390 41254.8 1000 0.25 8
560400 41255.4 1000 0.25 8
560600 53907.5 1000 0.25 7
560610 53908.5 1000 0.25 7
560620 53909.4 1000 0.25 7
560730 67163.9 1000 0.25 6
560740 67165 1000 0.25 6
560750 67166.1 1000 0.25 6
560820 80724.5 1000 0.25 5
560830 80725.7 1000 0.25 5
560840 80727 1000 0.25 5
561480 136233 1000 0.25 1
561490 136234 1000 0.25 1
561500 136236 1000 0.25 1
561510 122282 1000 0.25 0
561510 136237 1000 0.25 1
561520 122284 1000 0.25 0
561530 122285 1000 0.25 0
570120 30106.5 1000 0.25 9
570130 30106.7 1000 0.25 9
570140 30106.9 1000 0.25 9
570150 30107.1 1000 0.25 9
570480 41943.6 1000 0.25 8
570490 41944.3 1000 0.25 8
570500 41945.1 1000 0.25 8
570670 54898.2 1000 0.25 7
570680 54899.3 1000 0.25 7
570690 54900.3 1000 0.25 7
570780 68329.8 1000 0.25 6
570790 68331 1000 0.25 6
570800 68332.2 1000 0.25 6
570810 68333.4 1000 0.25 6
570860 82003.5 1000 0.25 5
570870 82004.8 1000 0.25 5
570880 82006.1 1000 0.25 5
571460 137719 1000 0.25 1
571470 137721 1000 0.25 1
571480 137722 1000 0.25 1
571490 123735 1000 0.25 0
571500 123737 1000 0.25 0
571510 123738 1000 0.25 0
580260 30424.6 1000 0.25 9
580270 30425 1000 0.25 9
580280 30425.4 1000 0.25 9
580560 42769.4 1000 0.25 8
580570 42770.3 1000 0.25 8
580580 42771.1 1000 0.25 8
580590 42772 1000 0.25 8
580730 55983.6 1000 0.25 7
580740 55984.7 1000 0.25 7
580750 55985.8 1000 0.25 7
580830 69567 1000 0.25 6
580840 69568.3 1000 0.25 6
580850 69569.5 1000 0.25 6
580860 69570.8 1000 0.25 6
580900 83338.5 1000 0.25 5
580910 83339.8 1000 0.25 5
580920 83341.2 1000 0.25 5
581440 139235 1000 0.25 1
581450 139236 1000 0.25 1
581460 125219 1000 0.25 0
581460 139238 1000 0.25 1
581470 125221 1000 0.25 0
581480 125222 1000 0.25 0
590380 30946.5 1000 0.25 9
590390 30947.1 1000 0.25 9
590400 30947.7 1000 0.25 9
590410 30948.3 1000 0.25 9
590650 43726 1000 0.25 8
590660 43727 1000 0.25 8
590670 43728 1000 0.25 8
590790 57159 1000 0.25 7
590800 57160.2 1000 0.25 7
590810 57161.4 1000 0.25 7
590820 57162.6 1000 0.25 7
590880 70871.7 1000 0.25 6
590890 70873 1000 0.25 6
590900 70874.4 1000 0.25 6
590940 84726.8 1000 0.25 5
590950 84728.2 1000 0.25 5
590960 84729.6 1000 0.25 5
591420 140778 1000 0.25 1
591430 140780 1000 0.25 1
591440 126737 1000 0.25 0
591440 140781 1000 0.25 1
591450 126738 1000 0.25 0
591460 126740 1000 0.25 0
600510 31663.3 1000 0.25 9
600520 31664.1 1000 0.25 9
600530 31664.9 1000 0.25 9
600730 44803.3 1000 0.25 8
600740 44804.4 1000 0.25 8
600750 44805.5 1000 0.25 8
600850 58419.1 1000 0.25 7
600860 58420.4 1000 0.25 7
600870 58421.7 1000 0.25 7
600880 58423 1000 0.25 7
600930 72240.3 1000 0.25 6
600940 72241.6 1000 0.25 6
600950 72243 1000 0.25 6
600980 86165.9 1000 0.25 5
600990 86167.3 1000 0.25 5
601000 86168.8 1000 0.25 5
601390 142347 1000 0.25 1
601400 142349 1000 0.25 1
601410 128283 1000 0.25 0
601410 142350 1000 0.25 1
601420 128285 1000 0.25 0
601420 142352 1000 0.25 1
601430 128286 1000 0.25 0
610620 32559.9 1000 0.25 9
610630 32560.9 1000 0.25 9
610640 32561.9 1000 0.25 9
610650 32562.8 1000 0.25 9
610810 45993.5 1000 0.25 8
610820 45994.7 1000 0.25 8
610830 45996 1000 0.25 8
610910 59758.6 1000 0.25 7
610920 59760 1000 0.25 7
610930 59761.3 1000 0.25 7
610970 73667.6 1000 0.25 6
610980 73669.1 1000 0.25 6
610990 73670.5 1000 0.25 6
611000 73672 1000 0.25 6
611020 87653.2 1000 0.25 5
611030 87654.7 1000 0.25 5
611040 87656.2 1000 0.25 5
611370 143943 1000 0.25 1
611380 143945 1000 0.25 1
611390 129860 1000 0.25 0
611390 143947 1000 0.25 1
611400 129862 1000 0.25 0
611400 143948 1000 0.25 1
611410 129864 1000 0.25 0
620730 33623 1000 0.25 9
620740 33624.2 1000 0.25 9
620750 33625.3 1000 0.25 9
620760 33626.4 1000 0.25 9
620880 47286.9 1000 0.25 8
620890 47288.2 1000 0.25 8
620900 47289.5 1000 0.25 8
620910 47290.9 1000 0.25 8
620970 61172.2 1000 0.25 7
620980 61173.6 1000 0.25 7
620990 61175 1000 0.25 7
621020 75153.3 1000 0.25 6
621030 75154.8 1000 0.25 6
621040 75156.3 1000 0.25 6
621050 89184.9 1000 0.25 5
621060 89186.4 1000 0.25 5
621070 89188 1000 0.25 5
621350 145565 1000 0.25 1
621360 131465 1000 0.25 0
621360 145567 1000 0.25 1
621370 131466 1000 0.25 0
621370 145569 1000 0.25 1
621380 131468 1000 0.25 0
621390 131469 1000 0.25 0
630840 34837.4 1000 0.25 9
630850 34838.7 1000 0.25 9
630860 34839.9 1000 0.25 9
630950 48676.2 1000 0.25 8
630960 48677.6 1000 0.25 8
630970 48679 1000 0.25 8
630980 48680.4 1000 0.25 8
631020 62653.3 1000 0.25 7
631030 62654.8 1000 0.25 7
631040 62656.3 1000 0.25 7
631060 76690.9 1000 0.25 6
631070 76692.5 1000 0.25 6
631080 76694 1000 0.25 6
631090 90761.6 1000 0.25 5
631100 90763.2 1000 0.25 5
631110 90764.7 1000 0.25 5
631330 147211 1000 0.25 1
631340 133098 1000 0.25 0
631340 147213 1000 0.25 1
631350 133099 1000 0.25 0
631350 147215 1000 0.25 1
631360 133101 1000 0.25 0
640930 36185 1000 0.25 9
640940 36186.4 1000 0.25 9
640950 36187.8 1000 0.25 9
640960 36189.2 1000 0.25 9
641020 50153.4 1000 0.25 8
641030 50154.9 1000 0.25 8
641040 50156.4 1000 0.25 8
641070 64198.7 1000 0.25 7
641080 64200.3 1000 0.25 7
641090 64201.8 1000 0.25 7
641100 78278.8 1000 0.25 6
641110 78280.4 1000 0.25 6
641120 92377.9 1000 0.25 5
641120 78282 1000 0.25 6
641130 92379.5 1000 0.25 5
641140 92381.2 1000 0.25 5
641310 148881 1000 0.25 1
641320 134757 1000 0.25 0
641320 148883 1000 0.25 1
641330 134759 1000 0.25 0
641330 148885 1000 0.25 1
641340 134761 1000 0.25 0
651020 37653.6 1000 0.25 9
651030 37655.1 1000 0.25 9
651040 37656.6 1000 0.25 9
651080 51709.5 1000 0.25 8
651090 51711.1 1000 0.25 8
651100 51712.7 1000 0.25 8
651120 65803.7 1000 0.25 7
651130 65805.3 1000 0.25 7
651140 79914.1 1000 0.25 6
651140 65807 1000 0.25 7
651150 94033.3 1000 0.25 5
651150 79915.7 1000 0.25 6
651160 94035 1000 0.25 5
651160 79917.4 1000 0.25 6
651170 94036.7 1000 0.25 5
651300 136442 1000 0.25 0
651310 136444 1000 0.25 0
651320 136446 1000 0.25 0
661100 39227.9 1000 0.25 9
661110 39229.5 1000 0.25 9
661120 39231.1 1000 0.25 9
661130 39232.7 1000 0.25 9
661140 53338.8 1000 0.25 8
661150 53340.5 1000 0.25 8
661160 67462.5 1000 0.25 7
661160 53342.1 1000 0.25 8
661170 81592 1000 0.25 6
661170 67464.1 1000 0.25 7
661180 95725.8 1000 0.25 5
661180 81593.7 1000 0.25 6
661180 67465.8 1000 0.25 7
661190 95727.5 1000 0.25 5
661190 81595.4 1000 0.25 6
661200 95729.3 1000 0.25 5
661200 81597.1 1000 0.25 6
661210 95731 1000 0.25 5
661280 138152 1000 0.25 0
661290 138153 1000 0.25 0
661300 138155 1000 0.25 0
671180 40897 1000 0.25 9
671190 55033.2 1000 0.25 8
671190 40898.7 1000 0.25 9
671200 69172.5 1000 0.25 7
671200 55034.9 1000 0.25 8
671200 40900.4 1000 0.25 9
671210 97453.5 1000 0.25 5
671210 83313.4 1000 0.25 6
671210 69174.3 1000 0.25 7
671210 55036.6 1000 0.25 8
671220 97455.2 1000 0.25 5
671220 83315.2 1000 0.25 6
671220 69176 1000 0.25 7
671220 55038.3 1000 0.25 8
671230 97456.9 1000 0.25 5
671230 83316.9 1000 0.25 6
671230 69177.7 1000 0.25 7
671240 97458.7 1000 0.25 5
671260 139885 1000 0.25 0
671270 139887 1000 0.25 0
671280 139888 1000 0.25 0
681240 141641 1000 0.25 0
681240 99214.4 1000 0.25 5
681240 85072.3 1000 0.25 6
681240 70930.2 1000 0.25 7
681250 141642 1000 0.25 0
681250 99216.2 1000 0.25 5
681250 85074.1 1000 0.25 6
681250 70932 1000 0.25 7
681250 56789.9 1000 0.25 8
681250 42648 1000 0.25 9
681260 141644 1000 0.25 0
681260 99217.9 1000 0.25 5
681260 85075.8 1000 0.25 6
681260 70933.8 1000 0.25 7
681260 56791.7 1000 0.25 8
681260 42649.7 1000 0.25 9
681270 85077.6 1000 0.25 6
681270 70935.5 1000 0.25 7
681270 56793.5 1000 0.25 8
681270 42651.5 1000 0.25 9
691220 143419 1000 0.25 0
691230 143420 1000 0.25 0
691240 143422 1000 0.25 0
691270 101007 1000 0.25 5
691280 101009 1000 0.25 5
691280 86869.7 1000 0.25 6
691280 72732.1 1000 0.25 7
691290 101010 1000 0.25 5
691290 86871.6 1000 0.25 6
691290 72733.9 1000 0.25 7
691290 58598.3 1000 0.25 8
691300 86873.4 1000 0.25 6
691300 72735.7 1000 0.25 7
691300 58600.2 1000 0.25 8
691310 58602 1000 0.25 8
691310 44470.7 1000 0.25 9
691320 58603.8 1000 0.25 8
691320 44472.6 1000 0.25 9
691330 44474.4 1000 0.25 9
701200 145217 1000 0.25 0
701210 145219 1000 0.25 0
701220 145221 1000 0.25 0
701300 102829 1000 0.25 5
701310 102831 1000 0.25 5
701310 88700 1000 0.25 6
701320 102833 1000 0.25 5
701320 88701.8 1000 0.25 6
701320 74574.9 1000 0.25 7
701330 88703.6 1000 0.25 6
701330 74576.7 1000 0.25 7
701340 74578.6 1000 0.25 7
701340 60458.8 1000 0.25 8
701350 60460.6 1000 0.25 8
701360 60462.5 1000 0.25 8
701370 46358.3 1000 0.25 9
701380 46360.2 1000 0.25 9
701390 46362.1 1000 0.25 9
711180 147037 1000 0.25 0
711190 147038 1000 0.25 0
711200 147040 1000 0.25 0
711320 104678 1000 0.25 5
711330 104680 1000 0.25 5
711340 104682 1000 0.25 5
711340 90562.6 1000 0.25 6
711350 104684 1000 0.25 5
711350 90564.5 1000 0.25 6
711350 76453.8 1000 0.25 7
711360 90566.4 1000 0.25 6
711360 76455.6 1000 0.25 7
711370 76457.5 1000 0.25 7
711380 76459.4 1000 0.25 7
711380 62363 1000 0.25 8
711390 62364.9 1000 0.25 8
711400 62366.8 1000 0.25 8
711420 48301.1 1000 0.25 9
711430 48303.1 1000 0.25 9
711440 48305.1 1000 0.25 9
721160 148875 1000 0.25 0
721170 148877 1000 0.25 0
721180 148879 1000 0.25 0
721350 106556 1000 0.25 5
721360 106558 1000 0.25 5
721370 106559 1000 0.25 5
721370 92455.8 1000 0.25 6
721380 92457.7 1000 0.25 6
721390 92459.6 1000 0.25 6
721390 78369.8 1000 0.25 7
721400 78371.7 1000 0.25 7
721410 78373.6 1000 0.25 7
721420 64308.8 1000 0.25 8
721430 64310.8 1000 0.25 8
721440 64312.7 1000 0.25 8
721470 50294.5 1000 0.25 9
721480 50296.5 1000 0.25 9
721490 50298.5 1000 0.25 9
731370 108457 1000 0.25 5
731380 108459 1000 0.25 5
731390 108461 1000 0.25 5
731390 94375.6 1000 0.25 6
731400 94377.6 1000 0.25 6
731410 94379.5 1000 0.25 6
731420 80316.6 1000 0.25 7
731430 80318.5 1000 0.25 7
731440 80320.5 1000 0.25 7
731460 66292.6 1000 0.25 8
731470 66294.6 1000 0.25 8
731480 66296.6 1000 0.25 8
731520 52332.5 1000 0.25 9
731530 52334.6 1000 0.25 9
731540 52336.6 1000 0.25 9
741400 110384 1000 0.25 5
741410 110386 1000 0.25 5
741420 110388 1000 0.25 5
741420 96324.3 1000 0.25 6
741430 96326.3 1000 0.25 6
741440 96328.2 1000 0.25 6
741450 82293.7 1000 0.25 7
741460 82295.7 1000 0.25 7
741470 82297.7 1000 0.25 7
741490 68309 1000 0.25 8
741500 68311 1000 0.25 8
741510 68313 1000 0.25 8
741520 68315 1000 0.25 8
741560 54408.2 1000 0.25 9
741570 54410.3 1000 0.25 9
741580 54412.4 1000 0.25 9
751420 112332 1000 0.25 5
751430 112334 1000 0.25 5
751440 112336 1000 0.25 5
751440 98296.4 1000 0.25 6
751450 98298.4 1000 0.25 6
751460 98300.3 1000 0.25 6
751470 98302.3 1000 0.25 6
751480 84299.1 1000 0.25 7
751490 84301.1 1000 0.25 7
751500 84303.1 1000 0.25 7
751530 70359 1000 0.25 8
751540 70361 1000 0.25 8
751550 70363.1 1000 0.25 8
751600 56519.1 1000 0.25 9
751610 56521.2 1000 0.25 9
751620 56523.3 1000 0.25 9
761440 114302 1000 0.25 5
761450 114304 1000 0.25 5
761460 114306 1000 0.25 5
761470 100294 1000 0.25 6
761480 100296 1000 0.25 6
761490 100298 1000 0.25 6
761510 86330.7 1000 0.25 7
761520 86332.8 1000 0.25 7
761530 86334.8 1000 0.25 7
761560 72435.8 1000 0.25 8
761570 72437.9 1000 0.25 8
761580 72440 1000 0.25 8
761630 58659.3 1000 0.25 9
761640 58661.5 1000 0.25 9
761650 58663.6 1000 0.25 9
761660 58665.8 1000 0.25 9
771460 116292 1000 0.25 5
771470 116294 1000 0.25 5
771480 116296 1000 0.25 5
771490 102313 1000 0.25 6
771500 102315 1000 0.25 6
771510 102317 1000 0.25 6
771530 88384.7 1000 0.25 7
771540 88386.8 1000 0.25 7
771550 88388.8 1000 0.25 7
771590 74539.2 1000 0.25 8
771600 74541.3 1000 0.25 8
771610 74543.4 1000 0.25 8
771670 60829.8 1000 0.25 9
771680 60832 1000 0.25 9
771690 60834.1 1000 0.25 9
781480 118302 1000 0.25 5
781490 118304 1000 0.25 5
781500 118306 1000 0.25 5
781510 104352 1000 0.25 6
781520 104354 1000 0.25 6
781530 104356 1000 0.25 6
781540 104358 1000 0.25 6
781560 90463.5 1000 0.25 7
781570 90465.6 1000 0.25 7
781580 90467.7 1000 0.25 7
781620 76666.9 1000 0.25 8
781630 76669 1000 0.25 8
781640 76671.2 1000 0.25 8
781700 63023.3 1000 0.25 9
781710 63025.5 1000 0.25 9
781720 63027.7 1000 0.25 9
791500 120331 1000 0.25 5
791510 120333 1000 0.25 5
791520 120335 1000 0.25 5
791540 106413 1000 0.25 6
791550 106415 1000 0.25 6
791560 106417 1000 0.25 6
791580 92561.5 1000 0.25 7
791590 92563.6 1000 0.25 7
791600 92565.7 1000 0.25 7
791640 78814.8 1000 0.25 8
791650 78816.9 1000 0.25 8
791660 78819.1 1000 0.25 8
791730 65239.4 1000 0.25 9
791740 65241.6 1000 0.25 9
791750 65243.8 1000 0.25 9
801520 122377 1000 0.25 5
801530 122379 1000 0.25 5
801540 122381 1000 0.25 5
801560 108491 1000 0.25 6
801570 108493 1000 0.25 6
801580 108495 1000 0.25 6
801600 94679.2 1000 0.25 7
801610 94681.4 1000 0.25 7
801620 94683.5 1000 0.25 7
801630 94685.6 1000 0.25 7
801670 80985.3 1000 0.25 8
801680 80987.5 1000 0.25 8
801690 80989.7 1000 0.25 8
801760 67475.9 1000 0.25 9
801770 67478.1 1000 0.25 9
801780 67480.4 1000 0.25 9
811540 124440 1000 0.25 5
811550 124442 1000 0.25 5
811560 124444 1000 0.25 5
811580 110587 1000 0.25 6
811590 110589 1000 0.25 6
811600 110591 1000 0.25 6
811630 96817.6 1000 0.25 7
811640 96819.8 1000 0.25 7
811650 96821.9 1000 0.25 7
811690 83172.7 1000 0.25 8
811700 83174.8 1000 0.25 8
811710 83177 1000 0.25 8
811780 69728.6 1000 0.25 9
811790 69730.8 1000 0.25 9
811800 69733.1 1000 0.25 9
821560 126519 1000 0.25 5
821570 126521 1000 0.25 5
821580 126523 1000 0.25 5
821600 112699 1000 0.25 6
821610 112702 1000 0.25 6
821620 112704 1000 0.25 6
821650 98971.2 1000 0.25 7
821660 98973.3 1000 0.25 7
821670 98975.5 1000 0.25 7
821710 85377.4 1000 0.25 8
821720 85379.7 1000 0.25 8
821730 85381.9 1000 0.25 8
821810 72000.2 1000 0.25 9
821820 72002.5 1000 0.25 9
821830 72004.8 1000 0.25 9
831570 128611 1000 0.25 5
831580 128613 1000 0.25 5
831590 128615 1000 0.25 5
831610 114826 1000 0.25 6
831620 114828 1000 0.25 6
831630 114830 1000 0.25 6
831640 114832 1000 0.25 6
831670 101141 1000 0.25 7
831680 101143 1000 0.25 7
831690 101145 1000 0.25 7
831730 87598.4 1000 0.25 8
831740 87600.6 1000 0.25 8
831750 87602.8 1000 0.25 8
831760 87605 1000 0.25 8
831830 74284.7 1000 0.25 9
831840 74287 1000 0.25 9
831850 74289.3 1000 0.25 9
841590 130720 1000 0.25 5
841600 130722 1000 0.25 5
841610 130724 1000 0.25 5
841630 116969 1000 0.25 6
841640 116971 1000 0.25 6
841650 116973 1000 0.25 6
841690 103326 1000 0.25 7
841700 103328 1000 0.25 7
841710 103330 1000 0.25 7
841750 89834.2 1000 0.25 8
841760 89836.5 1000 0.25 8
841770 89838.7 1000 0.25 8
841780 89841 1000 0.25 8
841850 76583.1 1000 0.25 9
841860 76585.4 1000 0.25 9
841870 76587.7 1000 0.25 9
851610 132842 1000 0.25 5
851620 132844 1000 0.25 5
851630 132846 1000 0.25 5
851650 119126 1000 0.25 6
851660 119128 1000 0.25 6
851670 119130 1000 0.25 6
851700 105523 1000 0.25 7
851710 105525 1000 0.25 7
851720 105527 1000 0.25 7
851730 105529 1000 0.25 7
851770 92084 1000 0.25 8
851780 92086.2 1000 0.25 8
851790 92088.5 1000 0.25 8
851800 92090.7 1000 0.25 8
851870 78894 1000 0.25 9
851880 78896.3 1000 0.25 9
851890 78898.6 1000 0.25 9
861620 134975 1000 0.25 5
861630 134977 1000 0.25 5
861640 134980 1000 0.25 5
861670 121297 1000 0.25 6
861680 121299 1000 0.25 6
861690 121301 1000 0.25 6
861720 107735 1000 0.25 7
861730 107737 1000 0.25 7
861740 107740 1000 0.25 7
861790 94346.6 1000 0.25 8
861800 94348.8 1000 0.25 8
861810 94351.1 1000 0.25 8
861890 81216.4 1000 0.25 9
861900 81218.7 1000 0.25 9
861910 81221 1000 0.25 9
871640 137123 1000 0.25 5
871650 137125 1000 0.25 5
871660 137127 1000 0.25 5
871680 123478 1000 0.25 6
871690 123480 1000 0.25 6
871700 123482 1000 0.25 6
871740 109960 1000 0.25 7
871750 109963 1000 0.25 7
871760 109965 1000 0.25 7
871810 96621.1 1000 0.25 8
871820 96623.4 1000 0.25 8
871830 96625.7 1000 0.25 8
871900 83547 1000 0.25 9
871910 83549.3 1000 0.25 9
871920 83551.7 1000 0.25 9
871930 83554 1000 0.25 9
881650 139281 1000 0.25 5
881660 139283 1000 0.25 5
881670 139285 1000 0.25 5
881700 125673 1000 0.25 6
881710 125675 1000 0.25 6
881720 125677 1000 0.25 6
881750 112195 1000 0.25 7
881760 112197 1000 0.25 7
881770 112199 1000 0.25 7
881780 112202 1000 0.25 7
881830 98906.8 1000 0.25 8
881840 98909.1 1000 0.25 8
881850 98911.4 1000 0.25 8
881920 85889.6 1000 0.25 9
881930 85892 1000 0.25 9
881940 85894.3 1000 0.25 9
891670 141452 1000 0.25 5
891680 141454 1000 0.25 5
891690 141456 1000 0.25 5
891710 127877 1000 0.25 6
891720 127880 1000 0.25 6
891730 127882 1000 0.25 6
891770 114443 1000 0.25 7
891780 114445 1000 0.25 7
891790 114447 1000 0.25 7
891840 101201 1000 0.25 8
891850 101203 1000 0.25 8
891860 101205 1000 0.25 8
891940 88241.2 1000 0.25 9
891950 88243.6 1000 0.25 9
891960 88245.9 1000 0.25 9
901680 143632 1000 0.25 5
901690 143634 1000 0.25 5
901700 143636 1000 0.25 5
901730 130095 1000 0.25 6
901740 130097 1000 0.25 6
901750 130099 1000 0.25 6
901780 116699 1000 0.25 7
901790 116701 1000 0.25 7
901800 116703 1000 0.25 7
901810 116706 1000 0.25 7
901860 103506 1000 0.25 8
901870 103509 1000 0.25 8
901880 103511 1000 0.25 8
901950 90598.6 1000 0.25 9
901960 90601 1000 0.25 9
901970 90603.4 1000 0.25 9
911690 145822 1000 0.25 5
911700 145825 1000 0.25 5
911710 145827 1000 0.25 5
911740 132320 1000 0.25 6
911750 132323 1000 0.25 6
911760 132325 1000 0.25 6
911800 118967 1000 0.25 7
911810 118970 1000 0.25 7
911820 118972 1000 0.25 7
911870 105819 1000 0.25 8
911880 105821 1000 0.25 8
911890 105823 1000 0.25 8
911970 92966 1000 0.25 9
911980 92968.4 1000 0.25 9
911990 92970.7 1000 0.25 9
921710 148025 1000 0.25 5
921720 148027 1000 0.25 5
921730 148029 1000 0.25 5
921750 134556 1000 0.25 6
921760 134558 1000 0.25 6
921770 134560 1000 0.25 6
921780 134562 1000 0.25 6
921810 121243 1000 0.25 7
921820 121245 1000 0.25 7
921830 121247 1000 0.25 7
921890 108142 1000 0.25 8
921900 108144 1000 0.25 8
921910 108147 1000 0.25 8
921980 95338.1 1000 0.25 9
921990 95340.4 1000 0.25 9
922000 95342.8 1000 0.25 9
931770 136802 1000 0.25 6
931780 136805 1000 0.25 6
931790 136807 1000 0.25 6
931830 123529 1000 0.25 7
931840 123531 1000 0.25 7
931850 123534 1000 0.25 7
931900 110471 1000 0.25 8
931910 110473 1000 0.25 8
931920 110476 1000 0.25 8
931990 97716.6 1000 0.25 9
932000 97719 1000 0.25 9
932010 97721.4 1000 0.25 9
941780 139056 1000 0.25 6
941790 139058 1000 0.25 6
941800 139060 1000 0.25 6
941840 125821 1000 0.25 7
941850 125824 1000 0.25 7
941860 125826 1000 0.25 7
941910 112807 1000 0.25 8
941920 112810 1000 0.25 8
941930 112812 1000 0.25 8
942000 100101 1000 0.25 9
942010 100104 1000 0.25 9
942020 100106 1000 0.25 9
942030 100108 1000 0.25 9
951790 141317 1000 0.25 6
951800 141320 1000 0.25 6
951810 141322 1000 0.25 6
951850 128122 1000 0.25 7
951860 128124 1000 0.25 7
951870 128126 1000 0.25 7
951920 115151 1000 0.25 8
951930 115153 1000 0.25 8
951940 115155 1000 0.25 8
951950 115158 1000 0.25 8
952020 102494 1000 0.25 9
952030 102496 1000 0.25 9
952040 102499 1000 0.25 9
961800 143587 1000 0.25 6
961810 143589 1000 0.25 6
961820 143591 1000 0.25 6
961860 130429 1000 0.25 7
961870 130432 1000 0.25 7
961880 130434 1000 0.25 7
961940 117503 1000 0.25 8
961950 117505 1000 0.25 8
961960 117508 1000 0.25 8
962030 104889 1000 0.25 9
962040 104892 1000 0.25 9
962050 104894 1000 0.25 9
971810 145864 1000 0.25 6
971820 145866 1000 0.25 6
971830 145869 1000 0.25 6
971840 145871 1000 0.25 6
971870 132744 1000 0.25 7
971880 132746 1000 0.25 7
971890 132749 1000 0.25 7
971900 132751 1000 0.25 7
971950 119859 1000 0.25 8
971960 119861 1000 0.25 8
971970 119864 1000 0.25 8
972040 107290 1000 0.25 9
972050 107292 1000 0.25 9
972060 107294 1000 0.25 9
981830 148151 1000 0.25 6
981840 148153 1000 0.25 6
981850 148156 1000 0.25 6
981890 135068 1000 0.25 7
981900 135070 1000 0.25 7
981910 135073 1000 0.25 7
981960 122221 1000 0.25 8
981970 122223 1000 0.25 8
981980 122226 1000 0.25 8
982050 109695 1000 0.25 9
982060 109697 1000 0.25 9
982070 109699 1000 0.25 9
991900 137396 1000 0.25 7
991910 137398 1000 0.25 7
991920 137400 1000 0.25 7
991970 124588 1000 0.25 8
991980 124591 1000 0.25 8
991990 124593 1000 0.25 8
992060 112104 1000 0.25 9
992070 112106 1000 0.25 9
992080 112109 1000 0.25 9
1001910 139730 1000 0.25 7
1001920 139732 1000 0.25 7
1001930 139734 1000 0.25 7
1001980 126961 1000 0.25 8
1001990 126963 1000 0.25 8
1002000 126966 1000 0.25 8
1002070 114517 1000 0.25 9
1002080 114519 1000 0.25 9
1002090 114522 1000 0.25 9
1011920 142069 1000 0.25 7
1011930 142072 1000 0.25 7
1011940 142074 1000 0.25 7
1011990 129338 1000 0.25 8
1012000 129341 1000 0.25 8
1012010 129343 1000 0.25 8
1012080 116934 1000 0.25 9
1012090 116936 1000 0.25 9
1012100 116939 1000 0.25 9
1021930 144414 1000 0.25 7
1021940 144417 1000 0.25 7
1021950 144419 1000 0.25 7
1022000 131720 1000 0.25 8
1022010 131723 1000 0.25 8
1022020 131725 1000 0.25 8
1022080 119352 1000 0.25 9
1022090 119354 1000 0.25 9
1022100 119357 1000 0.25 9
1022110 119359 1000 0.25 9
1031940 146765 1000 0.25 7
1031950 146767 1000 0.25 7
1031960 146769 1000 0.25 7
1032010 134107 1000 0.25 8
1032020 134109 1000 0.25 8
1032030 134112 1000 0.25 8
1032090 121776 1000 0.25 9
1032100 121778 1000 0.25 9
1032110 121781 1000 0.25 9
1041940 149118 1000 0.25 7
1041950 149120 1000 0.25 7
1041960 149122 1000 0.25 7
1041970 149125 1000 0.25 7
1042020 136497 1000 0.25 8
1042030 136500 1000 0.25 8
1042040 136502 1000 0.25 8
1042100 124203 1000 0.25 9
1042110 124205 1000 0.25 9
1042120 124207 1000 0.25 9
1052020 138890 1000 0.25 8
1052030 138892 1000 0.25 8
1052040 138894 1000 0.25 8
1052050 138897 1000 0.25 8
1052110 126632 1000 0.25 9
1052120 126635 1000 0.25 9
1052130 126637 1000 0.25 9
1062030 141288 1000 0.25 8
1062040 141290 1000 0.25 8
1062050 141293 1000 0.25 8
1062120 129065 1000 0.25 9
1062130 129067 1000 0.25 9
1062140 129070 1000 0.25 9
1072040 143690 1000 0.25 8
1072050 143692 1000 0.25 8
1072060 143695 1000 0.25 8
1072120 131498 1000 0.25 9
1072130 131500 1000 0.25 9
1072140 131503 1000 0.25 9
1082050 146095 1000 0.25 8
1082060 146097 1000 0.25 8
1082070 146100 1000 0.25 8
1082130 133936 1000 0.25 9
1082140 133938 1000 0.25 9
1082150 133940 1000 0.25 9
1092060 148504 1000 0.25 8
1092070 148506 1000 0.25 8
1092080 148508 1000 0.25 8
1092140 136376 1000 0.25 9
1092150 136378 1000 0.25 9
1092160 136381 1000 0.25 9
1102140 138815 1000 0.25 9
1102150 138818 1000 0.25 9
1102160 138820 1000 0.25 9
1112150 141260 1000 0.25 9
1112160 141262 1000 0.25 9
1112170 141265 1000 0.25 9
1122150 143704 1000 0.25 9
1122160 143706 1000 0.25 9
1122170 143709 1000 0.25 9
1122180 143711 1000 0.25 9
1132160 146152 1000 0.25 9
1132170 146155 1000 0.25 9
1132180 146157 1000 0.25 9
1142170 148602 1000 0.25 9
1142180 148605 1000 0.25 9
1142190 148607 1000 0.25 9
